Matrix A
0.045	0.17	0.845	0.02	0.17	
0.32	0.32	0.02	0.02	0.17	
0.295	0.17	0.095	0.02	0.17	
0.295	0.17	0.02	0.095	0.245	
0.045	0.17	0.02	0.845	0.245	

Vector B
0.2
0.2
0.2
0.2
0.2

A x B
time 1
0.25
0.17
0.15
0.165
0.265

time 2
0.21525
0.18575
0.16525
0.18625
0.2475

time 3
0.2267
0.17743
0.15657
0.17671
0.26259

time 4
0.22084
0.18063
0.16009
0.18129
0.25715

time 5
0.22326
0.17901
0.15841
0.17928
0.26004

time 6
0.22212
0.17969
0.15913
0.1802
0.25885

time 7
0.22262
0.17937
0.1588
0.17979
0.25942

time 8
0.22239
0.17951
0.15895
0.17998
0.25917

time 9
0.22249
0.17945
0.15888
0.1799
0.25928

time 10
0.22245
0.17947
0.15891
0.17993
0.25923

time 11
0.22247
0.17946
0.1589
0.17992
0.25925

time 12
0.22246
0.17947
0.1589
0.17992
0.25924

time 13
0.22246
0.17946
0.1589
0.17992
0.25925

time 14
0.22246
0.17947
0.1589
0.17992
0.25925

time 15
0.22246
0.17947
0.1589
0.17992
0.25925

time 16
0.22246
0.17947
0.1589
0.17992
0.25925

time 17
0.22246
0.17947
0.1589
0.17992
0.25925

time 18
0.22246
0.17947
0.1589
0.17992
0.25925

time 19
0.22246
0.17947
0.1589
0.17992
0.25925

time 20
0.22246
0.17947
0.1589
0.17992
0.25925

time 21
0.22246
0.17947
0.1589
0.17992
0.25925

time 22
0.22246
0.17947
0.1589
0.17992
0.25925

time 23
0.22246
0.17947
0.1589
0.17992
0.25925

time 24
0.22246
0.17947
0.1589
0.17992
0.25925

time 25
0.22246
0.17947
0.1589
0.17992
0.25925

time 26
0.22246
0.17947
0.1589
0.17992
0.25925

time 27
0.22246
0.17947
0.1589
0.17992
0.25925

time 28
0.22246
0.17947
0.1589
0.17992
0.25925

time 29
0.22246
0.17947
0.1589
0.17992
0.25925

time 30
0.22246
0.17947
0.1589
0.17992
0.25925

time 31
0.22246
0.17947
0.1589
0.17992
0.25925

time 32
0.22246
0.17947
0.1589
0.17992
0.25925

time 33
0.22246
0.17947
0.1589
0.17992
0.25925

time 34
0.22246
0.17947
0.1589
0.17992
0.25925

time 35
0.22246
0.17947
0.1589
0.17992
0.25925

time 36
0.22246
0.17947
0.1589
0.17992
0.25925

time 37
0.22246
0.17947
0.1589
0.17992
0.25925

time 38
0.22246
0.17947
0.1589
0.17992
0.25925

time 39
0.22246
0.17947
0.1589
0.17992
0.25925

time 40
0.22246
0.17947
0.1589
0.17992
0.25925

time 41
0.22246
0.17947
0.1589
0.17992
0.25925

time 42
0.22246
0.17947
0.1589
0.17992
0.25925

time 43
0.22246
0.17947
0.1589
0.17992
0.25925

time 44
0.22246
0.17947
0.1589
0.17992
0.25925

time 45
0.22246
0.17947
0.1589
0.17992
0.25925

time 46
0.22246
0.17947
0.1589
0.17992
0.25925

time 47
0.22246
0.17947
0.1589
0.17992
0.25925

time 48
0.22246
0.17947
0.1589
0.17992
0.25925

time 49
0.22246
0.17947
0.1589
0.17992
0.25925

time 50
0.22246
0.17947
0.1589
0.17992
0.25925

time 51
0.22246
0.17947
0.1589
0.17992
0.25925

time 52
0.22246
0.17947
0.1589
0.17992
0.25925

time 53
0.22246
0.17947
0.1589
0.17992
0.25925

time 54
0.22246
0.17947
0.1589
0.17992
0.25925

time 55
0.22246
0.17947
0.1589
0.17992
0.25925

time 56
0.22246
0.17947
0.1589
0.17992
0.25925

time 57
0.22246
0.17947
0.1589
0.17992
0.25925

time 58
0.22246
0.17947
0.1589
0.17992
0.25925

time 59
0.22246
0.17947
0.1589
0.17992
0.25925

time 60
0.22246
0.17947
0.1589
0.17992
0.25925

time 61
0.22246
0.17947
0.1589
0.17992
0.25925

time 62
0.22246
0.17947
0.1589
0.17992
0.25925

time 63
0.22246
0.17947
0.1589
0.17992
0.25925

time 64
0.22246
0.17947
0.1589
0.17992
0.25925

time 65
0.22246
0.17947
0.1589
0.17992
0.25925

time 66
0.22246
0.17947
0.1589
0.17992
0.25925

time 67
0.22246
0.17947
0.1589
0.17992
0.25925

time 68
0.22246
0.17947
0.1589
0.17992
0.25925

time 69
0.22246
0.17947
0.1589
0.17992
0.25925

time 70
0.22246
0.17947
0.1589
0.17992
0.25925

time 71
0.22246
0.17947
0.1589
0.17992
0.25925

time 72
0.22246
0.17947
0.1589
0.17992
0.25925

time 73
0.22246
0.17947
0.1589
0.17992
0.25925

time 74
0.22246
0.17947
0.1589
0.17992
0.25925

time 75
0.22246
0.17947
0.1589
0.17992
0.25925

time 76
0.22246
0.17947
0.1589
0.17992
0.25925

time 77
0.22246
0.17947
0.1589
0.17992
0.25925

time 78
0.22246
0.17947
0.1589
0.17992
0.25925

time 79
0.22246
0.17947
0.1589
0.17992
0.25925

time 80
0.22246
0.17947
0.1589
0.17992
0.25925

time 81
0.22246
0.17947
0.1589
0.17992
0.25925

time 82
0.22246
0.17947
0.1589
0.17992
0.25925

time 83
0.22246
0.17947
0.1589
0.17992
0.25925

time 84
0.22246
0.17947
0.1589
0.17992
0.25925

time 85
0.22246
0.17947
0.1589
0.17992
0.25925

time 86
0.22246
0.17947
0.1589
0.17992
0.25925

time 87
0.22246
0.17947
0.1589
0.17992
0.25925

time 88
0.22246
0.17947
0.1589
0.17992
0.25925

time 89
0.22246
0.17947
0.1589
0.17992
0.25925

time 90
0.22246
0.17947
0.1589
0.17992
0.25925

time 91
0.22246
0.17947
0.1589
0.17992
0.25925

time 92
0.22246
0.17947
0.1589
0.17992
0.25925

time 93
0.22246
0.17947
0.1589
0.17992
0.25925

time 94
0.22246
0.17947
0.1589
0.17992
0.25925

time 95
0.22246
0.17947
0.1589
0.17992
0.25925

time 96
0.22246
0.17947
0.1589
0.17992
0.25925

time 97
0.22246
0.17947
0.1589
0.17992
0.25925

time 98
0.22246
0.17947
0.1589
0.17992
0.25925

time 99
0.22246
0.17947
0.1589
0.17992
0.25925

time 100
0.22246
0.17947
0.1589
0.17992
0.25925

time 101
0.22246
0.17947
0.1589
0.17992
0.25925

time 102
0.22246
0.17947
0.1589
0.17992
0.25925

time 103
0.22246
0.17947
0.1589
0.17992
0.25925

time 104
0.22246
0.17947
0.1589
0.17992
0.25925

time 105
0.22246
0.17947
0.1589
0.17992
0.25925

time 106
0.22246
0.17947
0.1589
0.17992
0.25925

time 107
0.22246
0.17947
0.1589
0.17992
0.25925

time 108
0.22246
0.17947
0.1589
0.17992
0.25925

time 109
0.22246
0.17947
0.1589
0.17992
0.25925

time 110
0.22246
0.17947
0.1589
0.17992
0.25925

time 111
0.22246
0.17947
0.1589
0.17992
0.25925

time 112
0.22246
0.17947
0.1589
0.17992
0.25925

time 113
0.22246
0.17947
0.1589
0.17992
0.25925

time 114
0.22246
0.17947
0.1589
0.17992
0.25925

time 115
0.22246
0.17947
0.1589
0.17992
0.25925

time 116
0.22246
0.17947
0.1589
0.17992
0.25925

time 117
0.22246
0.17947
0.1589
0.17992
0.25925

time 118
0.22246
0.17947
0.1589
0.17992
0.25925

time 119
0.22246
0.17947
0.1589
0.17992
0.25925

time 120
0.22246
0.17947
0.1589
0.17992
0.25925

time 121
0.22246
0.17947
0.1589
0.17992
0.25925

time 122
0.22246
0.17947
0.1589
0.17992
0.25925

time 123
0.22246
0.17947
0.1589
0.17992
0.25925

time 124
0.22246
0.17947
0.1589
0.17992
0.25925

time 125
0.22246
0.17947
0.1589
0.17992
0.25925

time 126
0.22246
0.17947
0.1589
0.17992
0.25925

time 127
0.22246
0.17947
0.1589
0.17992
0.25925

time 128
0.22246
0.17947
0.1589
0.17992
0.25925

time 129
0.22246
0.17947
0.1589
0.17992
0.25925

time 130
0.22246
0.17947
0.1589
0.17992
0.25925

time 131
0.22246
0.17947
0.1589
0.17992
0.25925

time 132
0.22246
0.17947
0.1589
0.17992
0.25925

time 133
0.22246
0.17947
0.1589
0.17992
0.25925

time 134
0.22246
0.17947
0.1589
0.17992
0.25925

time 135
0.22246
0.17947
0.1589
0.17992
0.25925

time 136
0.22246
0.17947
0.1589
0.17992
0.25925

time 137
0.22246
0.17947
0.1589
0.17992
0.25925

time 138
0.22246
0.17947
0.1589
0.17992
0.25925

time 139
0.22246
0.17947
0.1589
0.17992
0.25925

time 140
0.22246
0.17947
0.1589
0.17992
0.25925

time 141
0.22246
0.17947
0.1589
0.17992
0.25925

time 142
0.22246
0.17947
0.1589
0.17992
0.25925

time 143
0.22246
0.17947
0.1589
0.17992
0.25925

time 144
0.22246
0.17947
0.1589
0.17992
0.25925

time 145
0.22246
0.17947
0.1589
0.17992
0.25925

time 146
0.22246
0.17947
0.1589
0.17992
0.25925

time 147
0.22246
0.17947
0.1589
0.17992
0.25925

time 148
0.22246
0.17947
0.1589
0.17992
0.25925

time 149
0.22246
0.17947
0.1589
0.17992
0.25925

time 150
0.22246
0.17947
0.1589
0.17992
0.25925

time 151
0.22246
0.17947
0.1589
0.17992
0.25925

time 152
0.22246
0.17947
0.1589
0.17992
0.25925

time 153
0.22246
0.17947
0.1589
0.17992
0.25925

time 154
0.22246
0.17947
0.1589
0.17992
0.25925

time 155
0.22246
0.17947
0.1589
0.17992
0.25925

time 156
0.22246
0.17947
0.1589
0.17992
0.25925

time 157
0.22246
0.17947
0.1589
0.17992
0.25925

time 158
0.22246
0.17947
0.1589
0.17992
0.25925

time 159
0.22246
0.17947
0.1589
0.17992
0.25925

time 160
0.22246
0.17947
0.1589
0.17992
0.25925

time 161
0.22246
0.17947
0.1589
0.17992
0.25925

time 162
0.22246
0.17947
0.1589
0.17992
0.25925

time 163
0.22246
0.17947
0.1589
0.17992
0.25925

time 164
0.22246
0.17947
0.1589
0.17992
0.25925

time 165
0.22246
0.17947
0.1589
0.17992
0.25925

time 166
0.22246
0.17947
0.1589
0.17992
0.25925

time 167
0.22246
0.17947
0.1589
0.17992
0.25925

time 168
0.22246
0.17947
0.1589
0.17992
0.25925

time 169
0.22246
0.17947
0.1589
0.17992
0.25925

time 170
0.22246
0.17947
0.1589
0.17992
0.25925

time 171
0.22246
0.17947
0.1589
0.17992
0.25925

time 172
0.22246
0.17947
0.1589
0.17992
0.25925

time 173
0.22246
0.17947
0.1589
0.17992
0.25925

time 174
0.22246
0.17947
0.1589
0.17992
0.25925

time 175
0.22246
0.17947
0.1589
0.17992
0.25925

time 176
0.22246
0.17947
0.1589
0.17992
0.25925

time 177
0.22246
0.17947
0.1589
0.17992
0.25925

time 178
0.22246
0.17947
0.1589
0.17992
0.25925

time 179
0.22246
0.17947
0.1589
0.17992
0.25925

time 180
0.22246
0.17947
0.1589
0.17992
0.25925

time 181
0.22246
0.17947
0.1589
0.17992
0.25925

time 182
0.22246
0.17947
0.1589
0.17992
0.25925

time 183
0.22246
0.17947
0.1589
0.17992
0.25925

time 184
0.22246
0.17947
0.1589
0.17992
0.25925

time 185
0.22246
0.17947
0.1589
0.17992
0.25925

time 186
0.22246
0.17947
0.1589
0.17992
0.25925

time 187
0.22246
0.17947
0.1589
0.17992
0.25925

time 188
0.22246
0.17947
0.1589
0.17992
0.25925

time 189
0.22246
0.17947
0.1589
0.17992
0.25925

time 190
0.22246
0.17947
0.1589
0.17992
0.25925

time 191
0.22246
0.17947
0.1589
0.17992
0.25925

time 192
0.22246
0.17947
0.1589
0.17992
0.25925

time 193
0.22246
0.17947
0.1589
0.17992
0.25925

time 194
0.22246
0.17947
0.1589
0.17992
0.25925

time 195
0.22246
0.17947
0.1589
0.17992
0.25925

time 196
0.22246
0.17947
0.1589
0.17992
0.25925

time 197
0.22246
0.17947
0.1589
0.17992
0.25925

time 198
0.22246
0.17947
0.1589
0.17992
0.25925

time 199
0.22246
0.17947
0.1589
0.17992
0.25925

time 200
0.22246
0.17947
0.1589
0.17992
0.25925

time 201
0.22246
0.17947
0.1589
0.17992
0.25925

time 202
0.22246
0.17947
0.1589
0.17992
0.25925

time 203
0.22246
0.17947
0.1589
0.17992
0.25925

time 204
0.22246
0.17947
0.1589
0.17992
0.25925

time 205
0.22246
0.17947
0.1589
0.17992
0.25925

time 206
0.22246
0.17947
0.1589
0.17992
0.25925

time 207
0.22246
0.17947
0.1589
0.17992
0.25925

time 208
0.22246
0.17947
0.1589
0.17992
0.25925

time 209
0.22246
0.17947
0.1589
0.17992
0.25925

time 210
0.22246
0.17947
0.1589
0.17992
0.25925

time 211
0.22246
0.17947
0.1589
0.17992
0.25925

time 212
0.22246
0.17947
0.1589
0.17992
0.25925

time 213
0.22246
0.17947
0.1589
0.17992
0.25925

time 214
0.22246
0.17947
0.1589
0.17992
0.25925

time 215
0.22246
0.17947
0.1589
0.17992
0.25925

time 216
0.22246
0.17947
0.1589
0.17992
0.25925

time 217
0.22246
0.17947
0.1589
0.17992
0.25925

time 218
0.22246
0.17947
0.1589
0.17992
0.25925

time 219
0.22246
0.17947
0.1589
0.17992
0.25925

time 220
0.22246
0.17947
0.1589
0.17992
0.25925

time 221
0.22246
0.17947
0.1589
0.17992
0.25925

time 222
0.22246
0.17947
0.1589
0.17992
0.25925

time 223
0.22246
0.17947
0.1589
0.17992
0.25925

time 224
0.22246
0.17947
0.1589
0.17992
0.25925

time 225
0.22246
0.17947
0.1589
0.17992
0.25925

time 226
0.22246
0.17947
0.1589
0.17992
0.25925

time 227
0.22246
0.17947
0.1589
0.17992
0.25925

time 228
0.22246
0.17947
0.1589
0.17992
0.25925

time 229
0.22246
0.17947
0.1589
0.17992
0.25925

time 230
0.22246
0.17947
0.1589
0.17992
0.25925

time 231
0.22246
0.17947
0.1589
0.17992
0.25925

time 232
0.22246
0.17947
0.1589
0.17992
0.25925

time 233
0.22246
0.17947
0.1589
0.17992
0.25925

time 234
0.22246
0.17947
0.1589
0.17992
0.25925

time 235
0.22246
0.17947
0.1589
0.17992
0.25925

time 236
0.22246
0.17947
0.1589
0.17992
0.25925

time 237
0.22246
0.17947
0.1589
0.17992
0.25925

time 238
0.22246
0.17947
0.1589
0.17992
0.25925

time 239
0.22246
0.17947
0.1589
0.17992
0.25925

time 240
0.22246
0.17947
0.1589
0.17992
0.25925

time 241
0.22246
0.17947
0.1589
0.17992
0.25925

time 242
0.22246
0.17947
0.1589
0.17992
0.25925

time 243
0.22246
0.17947
0.1589
0.17992
0.25925

time 244
0.22246
0.17947
0.1589
0.17992
0.25925

time 245
0.22246
0.17947
0.1589
0.17992
0.25925

time 246
0.22246
0.17947
0.1589
0.17992
0.25925

time 247
0.22246
0.17947
0.1589
0.17992
0.25925

time 248
0.22246
0.17947
0.1589
0.17992
0.25925

time 249
0.22246
0.17947
0.1589
0.17992
0.25925

time 250
0.22246
0.17947
0.1589
0.17992
0.25925

time 251
0.22246
0.17947
0.1589
0.17992
0.25925

time 252
0.22246
0.17947
0.1589
0.17992
0.25925

time 253
0.22246
0.17947
0.1589
0.17992
0.25925

time 254
0.22246
0.17947
0.1589
0.17992
0.25925

time 255
0.22246
0.17947
0.1589
0.17992
0.25925

time 256
0.22246
0.17947
0.1589
0.17992
0.25925

time 257
0.22246
0.17947
0.1589
0.17992
0.25925

time 258
0.22246
0.17947
0.1589
0.17992
0.25925

time 259
0.22246
0.17947
0.1589
0.17992
0.25925

time 260
0.22246
0.17947
0.1589
0.17992
0.25925

time 261
0.22246
0.17947
0.1589
0.17992
0.25925

time 262
0.22246
0.17947
0.1589
0.17992
0.25925

time 263
0.22246
0.17947
0.1589
0.17992
0.25925

time 264
0.22246
0.17947
0.1589
0.17992
0.25925

time 265
0.22246
0.17947
0.1589
0.17992
0.25925

time 266
0.22246
0.17947
0.1589
0.17992
0.25925

time 267
0.22246
0.17947
0.1589
0.17992
0.25925

time 268
0.22246
0.17947
0.1589
0.17992
0.25925

time 269
0.22246
0.17947
0.1589
0.17992
0.25925

time 270
0.22246
0.17947
0.1589
0.17992
0.25925

time 271
0.22246
0.17947
0.1589
0.17992
0.25925

time 272
0.22246
0.17947
0.1589
0.17992
0.25925

time 273
0.22246
0.17947
0.1589
0.17992
0.25925

time 274
0.22246
0.17947
0.1589
0.17992
0.25925

time 275
0.22246
0.17947
0.1589
0.17992
0.25925

time 276
0.22246
0.17947
0.1589
0.17992
0.25925

time 277
0.22246
0.17947
0.1589
0.17992
0.25925

time 278
0.22246
0.17947
0.1589
0.17992
0.25925

time 279
0.22246
0.17947
0.1589
0.17992
0.25925

time 280
0.22246
0.17947
0.1589
0.17992
0.25925

time 281
0.22246
0.17947
0.1589
0.17992
0.25925

time 282
0.22246
0.17947
0.1589
0.17992
0.25925

time 283
0.22246
0.17947
0.1589
0.17992
0.25925

time 284
0.22246
0.17947
0.1589
0.17992
0.25925

time 285
0.22246
0.17947
0.1589
0.17992
0.25925

time 286
0.22246
0.17947
0.1589
0.17992
0.25925

time 287
0.22246
0.17947
0.1589
0.17992
0.25925

time 288
0.22246
0.17947
0.1589
0.17992
0.25925

time 289
0.22246
0.17947
0.1589
0.17992
0.25925

time 290
0.22246
0.17947
0.1589
0.17992
0.25925

time 291
0.22246
0.17947
0.1589
0.17992
0.25925

time 292
0.22246
0.17947
0.1589
0.17992
0.25925

time 293
0.22246
0.17947
0.1589
0.17992
0.25925

time 294
0.22246
0.17947
0.1589
0.17992
0.25925

time 295
0.22246
0.17947
0.1589
0.17992
0.25925

time 296
0.22246
0.17947
0.1589
0.17992
0.25925

time 297
0.22246
0.17947
0.1589
0.17992
0.25925

time 298
0.22246
0.17947
0.1589
0.17992
0.25925

time 299
0.22246
0.17947
0.1589
0.17992
0.25925

time 300
0.22246
0.17947
0.1589
0.17992
0.25925

time 301
0.22246
0.17947
0.1589
0.17992
0.25925

time 302
0.22246
0.17947
0.1589
0.17992
0.25925

time 303
0.22246
0.17947
0.1589
0.17992
0.25925

time 304
0.22246
0.17947
0.1589
0.17992
0.25925

time 305
0.22246
0.17947
0.1589
0.17992
0.25925

time 306
0.22246
0.17947
0.1589
0.17992
0.25925

time 307
0.22246
0.17947
0.1589
0.17992
0.25925

time 308
0.22246
0.17947
0.1589
0.17992
0.25925

time 309
0.22246
0.17947
0.1589
0.17992
0.25925

time 310
0.22246
0.17947
0.1589
0.17992
0.25925

time 311
0.22246
0.17947
0.1589
0.17992
0.25925

time 312
0.22246
0.17947
0.1589
0.17992
0.25925

time 313
0.22246
0.17947
0.1589
0.17992
0.25925

time 314
0.22246
0.17947
0.1589
0.17992
0.25925

time 315
0.22246
0.17947
0.1589
0.17992
0.25925

time 316
0.22246
0.17947
0.1589
0.17992
0.25925

time 317
0.22246
0.17947
0.1589
0.17992
0.25925

time 318
0.22246
0.17947
0.1589
0.17992
0.25925

time 319
0.22246
0.17947
0.1589
0.17992
0.25925

time 320
0.22246
0.17947
0.1589
0.17992
0.25925

time 321
0.22246
0.17947
0.1589
0.17992
0.25925

time 322
0.22246
0.17947
0.1589
0.17992
0.25925

time 323
0.22246
0.17947
0.1589
0.17992
0.25925

time 324
0.22246
0.17947
0.1589
0.17992
0.25925

time 325
0.22246
0.17947
0.1589
0.17992
0.25925

time 326
0.22246
0.17947
0.1589
0.17992
0.25925

time 327
0.22246
0.17947
0.1589
0.17992
0.25925

time 328
0.22246
0.17947
0.1589
0.17992
0.25925

time 329
0.22246
0.17947
0.1589
0.17992
0.25925

time 330
0.22246
0.17947
0.1589
0.17992
0.25925

time 331
0.22246
0.17947
0.1589
0.17992
0.25925

time 332
0.22246
0.17947
0.1589
0.17992
0.25925

time 333
0.22246
0.17947
0.1589
0.17992
0.25925

time 334
0.22246
0.17947
0.1589
0.17992
0.25925

time 335
0.22246
0.17947
0.1589
0.17992
0.25925

time 336
0.22246
0.17947
0.1589
0.17992
0.25925

time 337
0.22246
0.17947
0.1589
0.17992
0.25925

time 338
0.22246
0.17947
0.1589
0.17992
0.25925

time 339
0.22246
0.17947
0.1589
0.17992
0.25925

time 340
0.22246
0.17947
0.1589
0.17992
0.25925

time 341
0.22246
0.17947
0.1589
0.17992
0.25925

time 342
0.22246
0.17947
0.1589
0.17992
0.25925

time 343
0.22246
0.17947
0.1589
0.17992
0.25925

time 344
0.22246
0.17947
0.1589
0.17992
0.25925

time 345
0.22246
0.17947
0.1589
0.17992
0.25925

time 346
0.22246
0.17947
0.1589
0.17992
0.25925

time 347
0.22246
0.17947
0.1589
0.17992
0.25925

time 348
0.22246
0.17947
0.1589
0.17992
0.25925

time 349
0.22246
0.17947
0.1589
0.17992
0.25925

time 350
0.22246
0.17947
0.1589
0.17992
0.25925

time 351
0.22246
0.17947
0.1589
0.17992
0.25925

time 352
0.22246
0.17947
0.1589
0.17992
0.25925

time 353
0.22246
0.17947
0.1589
0.17992
0.25925

time 354
0.22246
0.17947
0.1589
0.17992
0.25925

time 355
0.22246
0.17947
0.1589
0.17992
0.25925

time 356
0.22246
0.17947
0.1589
0.17992
0.25925

time 357
0.22246
0.17947
0.1589
0.17992
0.25925

time 358
0.22246
0.17947
0.1589
0.17992
0.25925

time 359
0.22246
0.17947
0.1589
0.17992
0.25925

time 360
0.22246
0.17947
0.1589
0.17992
0.25925

time 361
0.22246
0.17947
0.1589
0.17992
0.25925

time 362
0.22246
0.17947
0.1589
0.17992
0.25925

time 363
0.22246
0.17947
0.1589
0.17992
0.25925

time 364
0.22246
0.17947
0.1589
0.17992
0.25925

time 365
0.22246
0.17947
0.1589
0.17992
0.25925

time 366
0.22246
0.17947
0.1589
0.17992
0.25925

time 367
0.22246
0.17947
0.1589
0.17992
0.25925

time 368
0.22246
0.17947
0.1589
0.17992
0.25925

time 369
0.22246
0.17947
0.1589
0.17992
0.25925

time 370
0.22246
0.17947
0.1589
0.17992
0.25925

time 371
0.22246
0.17947
0.1589
0.17992
0.25925

time 372
0.22246
0.17947
0.1589
0.17992
0.25925

time 373
0.22246
0.17947
0.1589
0.17992
0.25925

time 374
0.22246
0.17947
0.1589
0.17992
0.25925

time 375
0.22246
0.17947
0.1589
0.17992
0.25925

time 376
0.22246
0.17947
0.1589
0.17992
0.25925

time 377
0.22246
0.17947
0.1589
0.17992
0.25925

time 378
0.22246
0.17947
0.1589
0.17992
0.25925

time 379
0.22246
0.17947
0.1589
0.17992
0.25925

time 380
0.22246
0.17947
0.1589
0.17992
0.25925

time 381
0.22246
0.17947
0.1589
0.17992
0.25925

time 382
0.22246
0.17947
0.1589
0.17992
0.25925

time 383
0.22246
0.17947
0.1589
0.17992
0.25925

time 384
0.22246
0.17947
0.1589
0.17992
0.25925

time 385
0.22246
0.17947
0.1589
0.17992
0.25925

time 386
0.22246
0.17947
0.1589
0.17992
0.25925

time 387
0.22246
0.17947
0.1589
0.17992
0.25925

time 388
0.22246
0.17947
0.1589
0.17992
0.25925

time 389
0.22246
0.17947
0.1589
0.17992
0.25925

time 390
0.22246
0.17947
0.1589
0.17992
0.25925

time 391
0.22246
0.17947
0.1589
0.17992
0.25925

time 392
0.22246
0.17947
0.1589
0.17992
0.25925

time 393
0.22246
0.17947
0.1589
0.17992
0.25925

time 394
0.22246
0.17947
0.1589
0.17992
0.25925

time 395
0.22246
0.17947
0.1589
0.17992
0.25925

time 396
0.22246
0.17947
0.1589
0.17992
0.25925

time 397
0.22246
0.17947
0.1589
0.17992
0.25925

time 398
0.22246
0.17947
0.1589
0.17992
0.25925

time 399
0.22246
0.17947
0.1589
0.17992
0.25925

time 400
0.22246
0.17947
0.1589
0.17992
0.25925

time 401
0.22246
0.17947
0.1589
0.17992
0.25925

time 402
0.22246
0.17947
0.1589
0.17992
0.25925

time 403
0.22246
0.17947
0.1589
0.17992
0.25925

time 404
0.22246
0.17947
0.1589
0.17992
0.25925

time 405
0.22246
0.17947
0.1589
0.17992
0.25925

time 406
0.22246
0.17947
0.1589
0.17992
0.25925

time 407
0.22246
0.17947
0.1589
0.17992
0.25925

time 408
0.22246
0.17947
0.1589
0.17992
0.25925

time 409
0.22246
0.17947
0.1589
0.17992
0.25925

time 410
0.22246
0.17947
0.1589
0.17992
0.25925

time 411
0.22246
0.17947
0.1589
0.17992
0.25925

time 412
0.22246
0.17947
0.1589
0.17992
0.25925

time 413
0.22246
0.17947
0.1589
0.17992
0.25925

time 414
0.22246
0.17947
0.1589
0.17992
0.25925

time 415
0.22246
0.17947
0.1589
0.17992
0.25925

time 416
0.22246
0.17947
0.1589
0.17992
0.25925

time 417
0.22246
0.17947
0.1589
0.17992
0.25925

time 418
0.22246
0.17947
0.1589
0.17992
0.25925

time 419
0.22246
0.17947
0.1589
0.17992
0.25925

time 420
0.22246
0.17947
0.1589
0.17992
0.25925

time 421
0.22246
0.17947
0.1589
0.17992
0.25925

time 422
0.22246
0.17947
0.1589
0.17992
0.25925

time 423
0.22246
0.17947
0.1589
0.17992
0.25925

time 424
0.22246
0.17947
0.1589
0.17992
0.25925

time 425
0.22246
0.17947
0.1589
0.17992
0.25925

time 426
0.22246
0.17947
0.1589
0.17992
0.25925

time 427
0.22246
0.17947
0.1589
0.17992
0.25925

time 428
0.22246
0.17947
0.1589
0.17992
0.25925

time 429
0.22246
0.17947
0.1589
0.17992
0.25925

time 430
0.22246
0.17947
0.1589
0.17992
0.25925

time 431
0.22246
0.17947
0.1589
0.17992
0.25925

time 432
0.22246
0.17947
0.1589
0.17992
0.25925

time 433
0.22246
0.17947
0.1589
0.17992
0.25925

time 434
0.22246
0.17947
0.1589
0.17992
0.25925

time 435
0.22246
0.17947
0.1589
0.17992
0.25925

time 436
0.22246
0.17947
0.1589
0.17992
0.25925

time 437
0.22246
0.17947
0.1589
0.17992
0.25925

time 438
0.22246
0.17947
0.1589
0.17992
0.25925

time 439
0.22246
0.17947
0.1589
0.17992
0.25925

time 440
0.22246
0.17947
0.1589
0.17992
0.25925

time 441
0.22246
0.17947
0.1589
0.17992
0.25925

time 442
0.22246
0.17947
0.1589
0.17992
0.25925

time 443
0.22246
0.17947
0.1589
0.17992
0.25925

time 444
0.22246
0.17947
0.1589
0.17992
0.25925

time 445
0.22246
0.17947
0.1589
0.17992
0.25925

time 446
0.22246
0.17947
0.1589
0.17992
0.25925

time 447
0.22246
0.17947
0.1589
0.17992
0.25925

time 448
0.22246
0.17947
0.1589
0.17992
0.25925

time 449
0.22246
0.17947
0.1589
0.17992
0.25925

time 450
0.22246
0.17947
0.1589
0.17992
0.25925

time 451
0.22246
0.17947
0.1589
0.17992
0.25925

time 452
0.22246
0.17947
0.1589
0.17992
0.25925

time 453
0.22246
0.17947
0.1589
0.17992
0.25925

time 454
0.22246
0.17947
0.1589
0.17992
0.25925

time 455
0.22246
0.17947
0.1589
0.17992
0.25925

time 456
0.22246
0.17947
0.1589
0.17992
0.25925

time 457
0.22246
0.17947
0.1589
0.17992
0.25925

time 458
0.22246
0.17947
0.1589
0.17992
0.25925

time 459
0.22246
0.17947
0.1589
0.17992
0.25925

time 460
0.22246
0.17947
0.1589
0.17992
0.25925

time 461
0.22246
0.17947
0.1589
0.17992
0.25925

time 462
0.22246
0.17947
0.1589
0.17992
0.25925

time 463
0.22246
0.17947
0.1589
0.17992
0.25925

time 464
0.22246
0.17947
0.1589
0.17992
0.25925

time 465
0.22246
0.17947
0.1589
0.17992
0.25925

time 466
0.22246
0.17947
0.1589
0.17992
0.25925

time 467
0.22246
0.17947
0.1589
0.17992
0.25925

time 468
0.22246
0.17947
0.1589
0.17992
0.25925

time 469
0.22246
0.17947
0.1589
0.17992
0.25925

time 470
0.22246
0.17947
0.1589
0.17992
0.25925

time 471
0.22246
0.17947
0.1589
0.17992
0.25925

time 472
0.22246
0.17947
0.1589
0.17992
0.25925

time 473
0.22246
0.17947
0.1589
0.17992
0.25925

time 474
0.22246
0.17947
0.1589
0.17992
0.25925

time 475
0.22246
0.17947
0.1589
0.17992
0.25925

time 476
0.22246
0.17947
0.1589
0.17992
0.25925

time 477
0.22246
0.17947
0.1589
0.17992
0.25925

time 478
0.22246
0.17947
0.1589
0.17992
0.25925

time 479
0.22246
0.17947
0.1589
0.17992
0.25925

time 480
0.22246
0.17947
0.1589
0.17992
0.25925

time 481
0.22246
0.17947
0.1589
0.17992
0.25925

time 482
0.22246
0.17947
0.1589
0.17992
0.25925

time 483
0.22246
0.17947
0.1589
0.17992
0.25925

time 484
0.22246
0.17947
0.1589
0.17992
0.25925

time 485
0.22246
0.17947
0.1589
0.17992
0.25925

time 486
0.22246
0.17947
0.1589
0.17992
0.25925

time 487
0.22246
0.17947
0.1589
0.17992
0.25925

time 488
0.22246
0.17947
0.1589
0.17992
0.25925

time 489
0.22246
0.17947
0.1589
0.17992
0.25925

time 490
0.22246
0.17947
0.1589
0.17992
0.25925

time 491
0.22246
0.17947
0.1589
0.17992
0.25925

time 492
0.22246
0.17947
0.1589
0.17992
0.25925

time 493
0.22246
0.17947
0.1589
0.17992
0.25925

time 494
0.22246
0.17947
0.1589
0.17992
0.25925

time 495
0.22246
0.17947
0.1589
0.17992
0.25925

time 496
0.22246
0.17947
0.1589
0.17992
0.25925

time 497
0.22246
0.17947
0.1589
0.17992
0.25925

time 498
0.22246
0.17947
0.1589
0.17992
0.25925

time 499
0.22246
0.17947
0.1589
0.17992
0.25925

time 500
0.22246
0.17947
0.1589
0.17992
0.25925

