Matrix A
0.045	0.32	0.295	0.295	0.045	
0.17	0.32	0.17	0.17	0.17	
0.845	0.02	0.095	0.02	0.02	
0.02	0.02	0.02	0.095	0.845	
0.17	0.17	0.17	0.245	0.245	

Vector B
0.2
0.2
0.2
0.2
0.2

A x B
time 1
0.2
0.2
0.2
0.2
0.2

time 2
0.2
0.2
0.2
0.2
0.2

time 3
0.2
0.2
0.2
0.2
0.2

time 4
0.2
0.2
0.2
0.2
0.2

time 5
0.2
0.2
0.2
0.2
0.2

time 6
0.2
0.2
0.2
0.2
0.2

time 7
0.2
0.2
0.2
0.2
0.2

time 8
0.2
0.2
0.2
0.2
0.2

time 9
0.2
0.2
0.2
0.2
0.2

time 10
0.2
0.2
0.2
0.2
0.2

time 11
0.2
0.2
0.2
0.2
0.2

time 12
0.2
0.2
0.2
0.2
0.2

time 13
0.2
0.2
0.2
0.2
0.2

time 14
0.2
0.2
0.2
0.2
0.2

time 15
0.2
0.2
0.2
0.2
0.2

time 16
0.2
0.2
0.2
0.2
0.2

time 17
0.2
0.2
0.2
0.2
0.2

time 18
0.2
0.2
0.2
0.2
0.2

time 19
0.2
0.2
0.2
0.2
0.2

time 20
0.2
0.2
0.2
0.2
0.2

time 21
0.2
0.2
0.2
0.2
0.2

time 22
0.2
0.2
0.2
0.2
0.2

time 23
0.2
0.2
0.2
0.2
0.2

time 24
0.2
0.2
0.2
0.2
0.2

time 25
0.2
0.2
0.2
0.2
0.2

time 26
0.2
0.2
0.2
0.2
0.2

time 27
0.2
0.2
0.2
0.2
0.2

time 28
0.2
0.2
0.2
0.2
0.2

time 29
0.2
0.2
0.2
0.2
0.2

time 30
0.2
0.2
0.2
0.2
0.2

time 31
0.2
0.2
0.2
0.2
0.2

time 32
0.2
0.2
0.2
0.2
0.2

time 33
0.2
0.2
0.2
0.2
0.2

time 34
0.2
0.2
0.2
0.2
0.2

time 35
0.2
0.2
0.2
0.2
0.2

time 36
0.2
0.2
0.2
0.2
0.2

time 37
0.2
0.2
0.2
0.2
0.2

time 38
0.2
0.2
0.2
0.2
0.2

time 39
0.2
0.2
0.2
0.2
0.2

time 40
0.2
0.2
0.2
0.2
0.2

time 41
0.2
0.2
0.2
0.2
0.2

time 42
0.2
0.2
0.2
0.2
0.2

time 43
0.2
0.2
0.2
0.2
0.2

time 44
0.2
0.2
0.2
0.2
0.2

time 45
0.2
0.2
0.2
0.2
0.2

time 46
0.2
0.2
0.2
0.2
0.2

time 47
0.2
0.2
0.2
0.2
0.2

time 48
0.2
0.2
0.2
0.2
0.2

time 49
0.2
0.2
0.2
0.2
0.2

time 50
0.2
0.2
0.2
0.2
0.2

time 51
0.2
0.2
0.2
0.2
0.2

time 52
0.2
0.2
0.2
0.2
0.2

time 53
0.2
0.2
0.2
0.2
0.2

time 54
0.2
0.2
0.2
0.2
0.2

time 55
0.2
0.2
0.2
0.2
0.2

time 56
0.2
0.2
0.2
0.2
0.2

time 57
0.2
0.2
0.2
0.2
0.2

time 58
0.2
0.2
0.2
0.2
0.2

time 59
0.2
0.2
0.2
0.2
0.2

time 60
0.2
0.2
0.2
0.2
0.2

time 61
0.2
0.2
0.2
0.2
0.2

time 62
0.2
0.2
0.2
0.2
0.2

time 63
0.2
0.2
0.2
0.2
0.2

time 64
0.2
0.2
0.2
0.2
0.2

time 65
0.2
0.2
0.2
0.2
0.2

time 66
0.2
0.2
0.2
0.2
0.2

time 67
0.2
0.2
0.2
0.2
0.2

time 68
0.2
0.2
0.2
0.2
0.2

time 69
0.2
0.2
0.2
0.2
0.2

time 70
0.2
0.2
0.2
0.2
0.2

time 71
0.2
0.2
0.2
0.2
0.2

time 72
0.2
0.2
0.2
0.2
0.2

time 73
0.2
0.2
0.2
0.2
0.2

time 74
0.2
0.2
0.2
0.2
0.2

time 75
0.2
0.2
0.2
0.2
0.2

time 76
0.2
0.2
0.2
0.2
0.2

time 77
0.2
0.2
0.2
0.2
0.2

time 78
0.2
0.2
0.2
0.2
0.2

time 79
0.2
0.2
0.2
0.2
0.2

time 80
0.2
0.2
0.2
0.2
0.2

time 81
0.2
0.2
0.2
0.2
0.2

time 82
0.2
0.2
0.2
0.2
0.2

time 83
0.2
0.2
0.2
0.2
0.2

time 84
0.2
0.2
0.2
0.2
0.2

time 85
0.2
0.2
0.2
0.2
0.2

time 86
0.2
0.2
0.2
0.2
0.2

time 87
0.2
0.2
0.2
0.2
0.2

time 88
0.2
0.2
0.2
0.2
0.2

time 89
0.2
0.2
0.2
0.2
0.2

time 90
0.2
0.2
0.2
0.2
0.2

time 91
0.2
0.2
0.2
0.2
0.2

time 92
0.2
0.2
0.2
0.2
0.2

time 93
0.2
0.2
0.2
0.2
0.2

time 94
0.2
0.2
0.2
0.2
0.2

time 95
0.2
0.2
0.2
0.2
0.2

time 96
0.2
0.2
0.2
0.2
0.2

time 97
0.2
0.2
0.2
0.2
0.2

time 98
0.2
0.2
0.2
0.2
0.2

time 99
0.2
0.2
0.2
0.2
0.2

time 100
0.2
0.2
0.2
0.2
0.2

time 101
0.2
0.2
0.2
0.2
0.2

time 102
0.2
0.2
0.2
0.2
0.2

time 103
0.2
0.2
0.2
0.2
0.2

time 104
0.2
0.2
0.2
0.2
0.2

time 105
0.2
0.2
0.2
0.2
0.2

time 106
0.2
0.2
0.2
0.2
0.2

time 107
0.2
0.2
0.2
0.2
0.2

time 108
0.2
0.2
0.2
0.2
0.2

time 109
0.2
0.2
0.2
0.2
0.2

time 110
0.2
0.2
0.2
0.2
0.2

time 111
0.2
0.2
0.2
0.2
0.2

time 112
0.2
0.2
0.2
0.2
0.2

time 113
0.2
0.2
0.2
0.2
0.2

time 114
0.2
0.2
0.2
0.2
0.2

time 115
0.2
0.2
0.2
0.2
0.2

time 116
0.2
0.2
0.2
0.2
0.2

time 117
0.2
0.2
0.2
0.2
0.2

time 118
0.2
0.2
0.2
0.2
0.2

time 119
0.2
0.2
0.2
0.2
0.2

time 120
0.2
0.2
0.2
0.2
0.2

time 121
0.2
0.2
0.2
0.2
0.2

time 122
0.2
0.2
0.2
0.2
0.2

time 123
0.2
0.2
0.2
0.2
0.2

time 124
0.2
0.2
0.2
0.2
0.2

time 125
0.2
0.2
0.2
0.2
0.2

time 126
0.2
0.2
0.2
0.2
0.2

time 127
0.2
0.2
0.2
0.2
0.2

time 128
0.2
0.2
0.2
0.2
0.2

time 129
0.2
0.2
0.2
0.2
0.2

time 130
0.2
0.2
0.2
0.2
0.2

time 131
0.2
0.2
0.2
0.2
0.2

time 132
0.2
0.2
0.2
0.2
0.2

time 133
0.2
0.2
0.2
0.2
0.2

time 134
0.2
0.2
0.2
0.2
0.2

time 135
0.2
0.2
0.2
0.2
0.2

time 136
0.2
0.2
0.2
0.2
0.2

time 137
0.2
0.2
0.2
0.2
0.2

time 138
0.2
0.2
0.2
0.2
0.2

time 139
0.2
0.2
0.2
0.2
0.2

time 140
0.2
0.2
0.2
0.2
0.2

time 141
0.2
0.2
0.2
0.2
0.2

time 142
0.2
0.2
0.2
0.2
0.2

time 143
0.2
0.2
0.2
0.2
0.2

time 144
0.2
0.2
0.2
0.2
0.2

time 145
0.2
0.2
0.2
0.2
0.2

time 146
0.2
0.2
0.2
0.2
0.2

time 147
0.2
0.2
0.2
0.2
0.2

time 148
0.2
0.2
0.2
0.2
0.2

time 149
0.2
0.2
0.2
0.2
0.2

time 150
0.2
0.2
0.2
0.2
0.2

time 151
0.2
0.2
0.2
0.2
0.2

time 152
0.2
0.2
0.2
0.2
0.2

time 153
0.2
0.2
0.2
0.2
0.2

time 154
0.2
0.2
0.2
0.2
0.2

time 155
0.2
0.2
0.2
0.2
0.2

time 156
0.2
0.2
0.2
0.2
0.2

time 157
0.2
0.2
0.2
0.2
0.2

time 158
0.2
0.2
0.2
0.2
0.2

time 159
0.2
0.2
0.2
0.2
0.2

time 160
0.2
0.2
0.2
0.2
0.2

time 161
0.2
0.2
0.2
0.2
0.2

time 162
0.2
0.2
0.2
0.2
0.2

time 163
0.2
0.2
0.2
0.2
0.2

time 164
0.2
0.2
0.2
0.2
0.2

time 165
0.2
0.2
0.2
0.2
0.2

time 166
0.2
0.2
0.2
0.2
0.2

time 167
0.2
0.2
0.2
0.2
0.2

time 168
0.2
0.2
0.2
0.2
0.2

time 169
0.2
0.2
0.2
0.2
0.2

time 170
0.2
0.2
0.2
0.2
0.2

time 171
0.2
0.2
0.2
0.2
0.2

time 172
0.2
0.2
0.2
0.2
0.2

time 173
0.2
0.2
0.2
0.2
0.2

time 174
0.2
0.2
0.2
0.2
0.2

time 175
0.2
0.2
0.2
0.2
0.2

time 176
0.2
0.2
0.2
0.2
0.2

time 177
0.2
0.2
0.2
0.2
0.2

time 178
0.2
0.2
0.2
0.2
0.2

time 179
0.2
0.2
0.2
0.2
0.2

time 180
0.2
0.2
0.2
0.2
0.2

time 181
0.2
0.2
0.2
0.2
0.2

time 182
0.2
0.2
0.2
0.2
0.2

time 183
0.2
0.2
0.2
0.2
0.2

time 184
0.2
0.2
0.2
0.2
0.2

time 185
0.2
0.2
0.2
0.2
0.2

time 186
0.2
0.2
0.2
0.2
0.2

time 187
0.2
0.2
0.2
0.2
0.2

time 188
0.2
0.2
0.2
0.2
0.2

time 189
0.2
0.2
0.2
0.2
0.2

time 190
0.2
0.2
0.2
0.2
0.2

time 191
0.2
0.2
0.2
0.2
0.2

time 192
0.2
0.2
0.2
0.2
0.2

time 193
0.2
0.2
0.2
0.2
0.2

time 194
0.2
0.2
0.2
0.2
0.2

time 195
0.2
0.2
0.2
0.2
0.2

time 196
0.2
0.2
0.2
0.2
0.2

time 197
0.2
0.2
0.2
0.2
0.2

time 198
0.2
0.2
0.2
0.2
0.2

time 199
0.2
0.2
0.2
0.2
0.2

time 200
0.2
0.2
0.2
0.2
0.2

time 201
0.2
0.2
0.2
0.2
0.2

time 202
0.2
0.2
0.2
0.2
0.2

time 203
0.2
0.2
0.2
0.2
0.2

time 204
0.2
0.2
0.2
0.2
0.2

time 205
0.2
0.2
0.2
0.2
0.2

time 206
0.2
0.2
0.2
0.2
0.2

time 207
0.2
0.2
0.2
0.2
0.2

time 208
0.2
0.2
0.2
0.2
0.2

time 209
0.2
0.2
0.2
0.2
0.2

time 210
0.2
0.2
0.2
0.2
0.2

time 211
0.2
0.2
0.2
0.2
0.2

time 212
0.2
0.2
0.2
0.2
0.2

time 213
0.2
0.2
0.2
0.2
0.2

time 214
0.2
0.2
0.2
0.2
0.2

time 215
0.2
0.2
0.2
0.2
0.2

time 216
0.2
0.2
0.2
0.2
0.2

time 217
0.2
0.2
0.2
0.2
0.2

time 218
0.2
0.2
0.2
0.2
0.2

time 219
0.2
0.2
0.2
0.2
0.2

time 220
0.2
0.2
0.2
0.2
0.2

time 221
0.2
0.2
0.2
0.2
0.2

time 222
0.2
0.2
0.2
0.2
0.2

time 223
0.2
0.2
0.2
0.2
0.2

time 224
0.2
0.2
0.2
0.2
0.2

time 225
0.2
0.2
0.2
0.2
0.2

time 226
0.2
0.2
0.2
0.2
0.2

time 227
0.2
0.2
0.2
0.2
0.2

time 228
0.2
0.2
0.2
0.2
0.2

time 229
0.2
0.2
0.2
0.2
0.2

time 230
0.2
0.2
0.2
0.2
0.2

time 231
0.2
0.2
0.2
0.2
0.2

time 232
0.2
0.2
0.2
0.2
0.2

time 233
0.2
0.2
0.2
0.2
0.2

time 234
0.2
0.2
0.2
0.2
0.2

time 235
0.2
0.2
0.2
0.2
0.2

time 236
0.2
0.2
0.2
0.2
0.2

time 237
0.2
0.2
0.2
0.2
0.2

time 238
0.2
0.2
0.2
0.2
0.2

time 239
0.2
0.2
0.2
0.2
0.2

time 240
0.2
0.2
0.2
0.2
0.2

time 241
0.2
0.2
0.2
0.2
0.2

time 242
0.2
0.2
0.2
0.2
0.2

time 243
0.2
0.2
0.2
0.2
0.2

time 244
0.2
0.2
0.2
0.2
0.2

time 245
0.2
0.2
0.2
0.2
0.2

time 246
0.2
0.2
0.2
0.2
0.2

time 247
0.2
0.2
0.2
0.2
0.2

time 248
0.2
0.2
0.2
0.2
0.2

time 249
0.2
0.2
0.2
0.2
0.2

time 250
0.2
0.2
0.2
0.2
0.2

time 251
0.2
0.2
0.2
0.2
0.2

time 252
0.2
0.2
0.2
0.2
0.2

time 253
0.2
0.2
0.2
0.2
0.2

time 254
0.2
0.2
0.2
0.2
0.2

time 255
0.2
0.2
0.2
0.2
0.2

time 256
0.2
0.2
0.2
0.2
0.2

time 257
0.2
0.2
0.2
0.2
0.2

time 258
0.2
0.2
0.2
0.2
0.2

time 259
0.2
0.2
0.2
0.2
0.2

time 260
0.2
0.2
0.2
0.2
0.2

time 261
0.2
0.2
0.2
0.2
0.2

time 262
0.2
0.2
0.2
0.2
0.2

time 263
0.2
0.2
0.2
0.2
0.2

time 264
0.2
0.2
0.2
0.2
0.2

time 265
0.2
0.2
0.2
0.2
0.2

time 266
0.2
0.2
0.2
0.2
0.2

time 267
0.2
0.2
0.2
0.2
0.2

time 268
0.2
0.2
0.2
0.2
0.2

time 269
0.2
0.2
0.2
0.2
0.2

time 270
0.2
0.2
0.2
0.2
0.2

time 271
0.2
0.2
0.2
0.2
0.2

time 272
0.2
0.2
0.2
0.2
0.2

time 273
0.2
0.2
0.2
0.2
0.2

time 274
0.2
0.2
0.2
0.2
0.2

time 275
0.2
0.2
0.2
0.2
0.2

time 276
0.2
0.2
0.2
0.2
0.2

time 277
0.2
0.2
0.2
0.2
0.2

time 278
0.2
0.2
0.2
0.2
0.2

time 279
0.2
0.2
0.2
0.2
0.2

time 280
0.2
0.2
0.2
0.2
0.2

time 281
0.2
0.2
0.2
0.2
0.2

time 282
0.2
0.2
0.2
0.2
0.2

time 283
0.2
0.2
0.2
0.2
0.2

time 284
0.2
0.2
0.2
0.2
0.2

time 285
0.2
0.2
0.2
0.2
0.2

time 286
0.2
0.2
0.2
0.2
0.2

time 287
0.2
0.2
0.2
0.2
0.2

time 288
0.2
0.2
0.2
0.2
0.2

time 289
0.2
0.2
0.2
0.2
0.2

time 290
0.2
0.2
0.2
0.2
0.2

time 291
0.2
0.2
0.2
0.2
0.2

time 292
0.2
0.2
0.2
0.2
0.2

time 293
0.2
0.2
0.2
0.2
0.2

time 294
0.2
0.2
0.2
0.2
0.2

time 295
0.2
0.2
0.2
0.2
0.2

time 296
0.2
0.2
0.2
0.2
0.2

time 297
0.2
0.2
0.2
0.2
0.2

time 298
0.2
0.2
0.2
0.2
0.2

time 299
0.2
0.2
0.2
0.2
0.2

time 300
0.2
0.2
0.2
0.2
0.2

time 301
0.2
0.2
0.2
0.2
0.2

time 302
0.2
0.2
0.2
0.2
0.2

time 303
0.2
0.2
0.2
0.2
0.2

time 304
0.2
0.2
0.2
0.2
0.2

time 305
0.2
0.2
0.2
0.2
0.2

time 306
0.2
0.2
0.2
0.2
0.2

time 307
0.2
0.2
0.2
0.2
0.2

time 308
0.2
0.2
0.2
0.2
0.2

time 309
0.2
0.2
0.2
0.2
0.2

time 310
0.2
0.2
0.2
0.2
0.2

time 311
0.2
0.2
0.2
0.2
0.2

time 312
0.2
0.2
0.2
0.2
0.2

time 313
0.2
0.2
0.2
0.2
0.2

time 314
0.2
0.2
0.2
0.2
0.2

time 315
0.2
0.2
0.2
0.2
0.2

time 316
0.2
0.2
0.2
0.2
0.2

time 317
0.2
0.2
0.2
0.2
0.2

time 318
0.2
0.2
0.2
0.2
0.2

time 319
0.2
0.2
0.2
0.2
0.2

time 320
0.2
0.2
0.2
0.2
0.2

time 321
0.2
0.2
0.2
0.2
0.2

time 322
0.2
0.2
0.2
0.2
0.2

time 323
0.2
0.2
0.2
0.2
0.2

time 324
0.2
0.2
0.2
0.2
0.2

time 325
0.2
0.2
0.2
0.2
0.2

time 326
0.2
0.2
0.2
0.2
0.2

time 327
0.2
0.2
0.2
0.2
0.2

time 328
0.2
0.2
0.2
0.2
0.2

time 329
0.2
0.2
0.2
0.2
0.2

time 330
0.2
0.2
0.2
0.2
0.2

time 331
0.2
0.2
0.2
0.2
0.2

time 332
0.2
0.2
0.2
0.2
0.2

time 333
0.2
0.2
0.2
0.2
0.2

time 334
0.2
0.2
0.2
0.2
0.2

time 335
0.2
0.2
0.2
0.2
0.2

time 336
0.2
0.2
0.2
0.2
0.2

time 337
0.2
0.2
0.2
0.2
0.2

time 338
0.2
0.2
0.2
0.2
0.2

time 339
0.2
0.2
0.2
0.2
0.2

time 340
0.2
0.2
0.2
0.2
0.2

time 341
0.2
0.2
0.2
0.2
0.2

time 342
0.2
0.2
0.2
0.2
0.2

time 343
0.2
0.2
0.2
0.2
0.2

time 344
0.2
0.2
0.2
0.2
0.2

time 345
0.2
0.2
0.2
0.2
0.2

time 346
0.2
0.2
0.2
0.2
0.2

time 347
0.2
0.2
0.2
0.2
0.2

time 348
0.2
0.2
0.2
0.2
0.2

time 349
0.2
0.2
0.2
0.2
0.2

time 350
0.2
0.2
0.2
0.2
0.2

time 351
0.2
0.2
0.2
0.2
0.2

time 352
0.2
0.2
0.2
0.2
0.2

time 353
0.2
0.2
0.2
0.2
0.2

time 354
0.2
0.2
0.2
0.2
0.2

time 355
0.2
0.2
0.2
0.2
0.2

time 356
0.2
0.2
0.2
0.2
0.2

time 357
0.2
0.2
0.2
0.2
0.2

time 358
0.2
0.2
0.2
0.2
0.2

time 359
0.2
0.2
0.2
0.2
0.2

time 360
0.2
0.2
0.2
0.2
0.2

time 361
0.2
0.2
0.2
0.2
0.2

time 362
0.2
0.2
0.2
0.2
0.2

time 363
0.2
0.2
0.2
0.2
0.2

time 364
0.2
0.2
0.2
0.2
0.2

time 365
0.2
0.2
0.2
0.2
0.2

time 366
0.2
0.2
0.2
0.2
0.2

time 367
0.2
0.2
0.2
0.2
0.2

time 368
0.2
0.2
0.2
0.2
0.2

time 369
0.2
0.2
0.2
0.2
0.2

time 370
0.2
0.2
0.2
0.2
0.2

time 371
0.2
0.2
0.2
0.2
0.2

time 372
0.2
0.2
0.2
0.2
0.2

time 373
0.2
0.2
0.2
0.2
0.2

time 374
0.2
0.2
0.2
0.2
0.2

time 375
0.2
0.2
0.2
0.2
0.2

time 376
0.2
0.2
0.2
0.2
0.2

time 377
0.2
0.2
0.2
0.2
0.2

time 378
0.2
0.2
0.2
0.2
0.2

time 379
0.2
0.2
0.2
0.2
0.2

time 380
0.2
0.2
0.2
0.2
0.2

time 381
0.2
0.2
0.2
0.2
0.2

time 382
0.2
0.2
0.2
0.2
0.2

time 383
0.2
0.2
0.2
0.2
0.2

time 384
0.2
0.2
0.2
0.2
0.2

time 385
0.2
0.2
0.2
0.2
0.2

time 386
0.2
0.2
0.2
0.2
0.2

time 387
0.2
0.2
0.2
0.2
0.2

time 388
0.2
0.2
0.2
0.2
0.2

time 389
0.2
0.2
0.2
0.2
0.2

time 390
0.2
0.2
0.2
0.2
0.2

time 391
0.2
0.2
0.2
0.2
0.2

time 392
0.2
0.2
0.2
0.2
0.2

time 393
0.2
0.2
0.2
0.2
0.2

time 394
0.2
0.2
0.2
0.2
0.2

time 395
0.2
0.2
0.2
0.2
0.2

time 396
0.2
0.2
0.2
0.2
0.2

time 397
0.2
0.2
0.2
0.2
0.2

time 398
0.2
0.2
0.2
0.2
0.2

time 399
0.2
0.2
0.2
0.2
0.2

time 400
0.2
0.2
0.2
0.2
0.2

time 401
0.2
0.2
0.2
0.2
0.2

time 402
0.2
0.2
0.2
0.2
0.2

time 403
0.2
0.2
0.2
0.2
0.2

time 404
0.2
0.2
0.2
0.2
0.2

time 405
0.2
0.2
0.2
0.2
0.2

time 406
0.2
0.2
0.2
0.2
0.2

time 407
0.2
0.2
0.2
0.2
0.2

time 408
0.2
0.2
0.2
0.2
0.2

time 409
0.2
0.2
0.2
0.2
0.2

time 410
0.2
0.2
0.2
0.2
0.2

time 411
0.2
0.2
0.2
0.2
0.2

time 412
0.2
0.2
0.2
0.2
0.2

time 413
0.2
0.2
0.2
0.2
0.2

time 414
0.2
0.2
0.2
0.2
0.2

time 415
0.2
0.2
0.2
0.2
0.2

time 416
0.2
0.2
0.2
0.2
0.2

time 417
0.2
0.2
0.2
0.2
0.2

time 418
0.2
0.2
0.2
0.2
0.2

time 419
0.2
0.2
0.2
0.2
0.2

time 420
0.2
0.2
0.2
0.2
0.2

time 421
0.2
0.2
0.2
0.2
0.2

time 422
0.2
0.2
0.2
0.2
0.2

time 423
0.2
0.2
0.2
0.2
0.2

time 424
0.2
0.2
0.2
0.2
0.2

time 425
0.2
0.2
0.2
0.2
0.2

time 426
0.2
0.2
0.2
0.2
0.2

time 427
0.2
0.2
0.2
0.2
0.2

time 428
0.2
0.2
0.2
0.2
0.2

time 429
0.2
0.2
0.2
0.2
0.2

time 430
0.2
0.2
0.2
0.2
0.2

time 431
0.2
0.2
0.2
0.2
0.2

time 432
0.2
0.2
0.2
0.2
0.2

time 433
0.2
0.2
0.2
0.2
0.2

time 434
0.2
0.2
0.2
0.2
0.2

time 435
0.2
0.2
0.2
0.2
0.2

time 436
0.2
0.2
0.2
0.2
0.2

time 437
0.2
0.2
0.2
0.2
0.2

time 438
0.2
0.2
0.2
0.2
0.2

time 439
0.2
0.2
0.2
0.2
0.2

time 440
0.2
0.2
0.2
0.2
0.2

time 441
0.2
0.2
0.2
0.2
0.2

time 442
0.2
0.2
0.2
0.2
0.2

time 443
0.2
0.2
0.2
0.2
0.2

time 444
0.2
0.2
0.2
0.2
0.2

time 445
0.2
0.2
0.2
0.2
0.2

time 446
0.2
0.2
0.2
0.2
0.2

time 447
0.2
0.2
0.2
0.2
0.2

time 448
0.2
0.2
0.2
0.2
0.2

time 449
0.2
0.2
0.2
0.2
0.2

time 450
0.2
0.2
0.2
0.2
0.2

time 451
0.2
0.2
0.2
0.2
0.2

time 452
0.2
0.2
0.2
0.2
0.2

time 453
0.2
0.2
0.2
0.2
0.2

time 454
0.2
0.2
0.2
0.2
0.2

time 455
0.2
0.2
0.2
0.2
0.2

time 456
0.2
0.2
0.2
0.2
0.2

time 457
0.2
0.2
0.2
0.2
0.2

time 458
0.2
0.2
0.2
0.2
0.2

time 459
0.2
0.2
0.2
0.2
0.2

time 460
0.2
0.2
0.2
0.2
0.2

time 461
0.2
0.2
0.2
0.2
0.2

time 462
0.2
0.2
0.2
0.2
0.2

time 463
0.2
0.2
0.2
0.2
0.2

time 464
0.2
0.2
0.2
0.2
0.2

time 465
0.2
0.2
0.2
0.2
0.2

time 466
0.2
0.2
0.2
0.2
0.2

time 467
0.2
0.2
0.2
0.2
0.2

time 468
0.2
0.2
0.2
0.2
0.2

time 469
0.2
0.2
0.2
0.2
0.2

time 470
0.2
0.2
0.2
0.2
0.2

time 471
0.2
0.2
0.2
0.2
0.2

time 472
0.2
0.2
0.2
0.2
0.2

time 473
0.2
0.2
0.2
0.2
0.2

time 474
0.2
0.2
0.2
0.2
0.2

time 475
0.2
0.2
0.2
0.2
0.2

time 476
0.2
0.2
0.2
0.2
0.2

time 477
0.2
0.2
0.2
0.2
0.2

time 478
0.2
0.2
0.2
0.2
0.2

time 479
0.2
0.2
0.2
0.2
0.2

time 480
0.2
0.2
0.2
0.2
0.2

time 481
0.2
0.2
0.2
0.2
0.2

time 482
0.2
0.2
0.2
0.2
0.2

time 483
0.2
0.2
0.2
0.2
0.2

time 484
0.2
0.2
0.2
0.2
0.2

time 485
0.2
0.2
0.2
0.2
0.2

time 486
0.2
0.2
0.2
0.2
0.2

time 487
0.2
0.2
0.2
0.2
0.2

time 488
0.2
0.2
0.2
0.2
0.2

time 489
0.2
0.2
0.2
0.2
0.2

time 490
0.2
0.2
0.2
0.2
0.2

time 491
0.2
0.2
0.2
0.2
0.2

time 492
0.2
0.2
0.2
0.2
0.2

time 493
0.2
0.2
0.2
0.2
0.2

time 494
0.2
0.2
0.2
0.2
0.2

time 495
0.2
0.2
0.2
0.2
0.2

time 496
0.2
0.2
0.2
0.2
0.2

time 497
0.2
0.2
0.2
0.2
0.2

time 498
0.2
0.2
0.2
0.2
0.2

time 499
0.2
0.2
0.2
0.2
0.2

time 500
0.2
0.2
0.2
0.2
0.2

